DP8480003215TLL1C003R01600492097/1	1	100.000	80	0	0	1	80	2045888	2045967	4.47e-40	159
DP8480003215TLL1C005R04500055847/1	3	98.750	80	1	0	1	80	42084	42163	1.09e-37	151
DP8480003215TLL1C005R05000388743/1	2	100.000	79	0	0	2	80	25619	25541	1.77e-39	157
DP8480003215TLL1C005R05000388743/1	1	100.000	79	0	0	2	80	2457993	2457915	1.77e-39	157
DP8480003215TLL1C005R05000388743/1	1	100.000	79	0	0	2	80	3860862	3860784	1.77e-39	157
DP8480003215TLL1C005R05000388743/1	1	100.000	79	0	0	2	80	4438447	4438369	1.77e-39	157
DP8480003215TLL1C005R05000388743/1	1	100.000	79	0	0	2	80	3846225	3846303	1.77e-39	157
DP8480003215TLL1C005R05000388743/1	1	84.211	76	12	0	2	77	1737658	1737583	4.80e-09	56.0
DP8480003215TLL1C005R05000388743/1	1	84.211	76	12	0	2	77	2834282	2834357	4.80e-09	56.0
DP8480003215TLL1C005R05000388743/1	3	100.000	79	0	0	2	80	13149	13227	1.77e-39	157
DP8480003215TLL1C005R05000388743/1	3	97.333	75	2	0	2	76	44408	44482	2.56e-32	133
DP8480003215TLL1C013R05301260668/1	3	98.750	80	1	0	1	80	50106	50027	1.09e-37	151
DP8480003215TLL1C013R05301260668/1	3	100.000	24	0	0	17	40	37026	37003	1.17e-06	48.1
DP8480003215TLL1C014R00900891733/1	1	100.000	80	0	0	1	80	10718	10797	4.47e-40	159
DP8480003215TLL1C021R00800516677/1	3	100.000	80	0	0	1	80	11971	12050	4.47e-40	159
DP8480003215TLL1C029R05300998959/1	2	100.000	79	0	0	1	79	7179	7101	1.77e-39	157
DP8480003215TLL1C030R04901662203/1	3	100.000	80	0	0	1	80	15503	15582	4.47e-40	159
DP8480003215TLL1C030R04901662203/1	3	100.000	80	0	0	1	80	15707	15786	4.47e-40	159
DP8480003215TLL1C030R04901662203/1	3	100.000	80	0	0	1	80	16013	16092	4.47e-40	159
DP8480003215TLL1C030R04901662203/1	3	100.000	80	0	0	1	80	16829	16908	4.47e-40	159
DP8480003215TLL1C030R04901662203/1	3	100.000	80	0	0	1	80	56593	56672	4.47e-40	159
DP8480003215TLL1C030R04901662203/1	3	100.000	80	0	0	1	80	56899	56978	4.47e-40	159
DP8480003215TLL1C030R04901662203/1	3	98.750	80	1	0	1	80	56695	56774	1.09e-37	151
DP8480003215TLL1C030R04901662203/1	3	98.750	80	1	0	1	80	57511	57590	1.09e-37	151
DP8480003215TLL1C030R04901662203/1	3	98.750	80	1	0	1	80	57613	57692	1.09e-37	151
DP8480003215TLL1C030R04901662203/1	3	95.000	80	1	1	1	80	56188	56264	2.47e-29	123
DP8480003215TLL1C030R04901662203/1	3	93.750	80	5	0	1	80	15605	15684	3.85e-28	119
DP8480003215TLL1C030R04901662203/1	3	93.750	80	5	0	1	80	15809	15888	3.85e-28	119
DP8480003215TLL1C030R04901662203/1	3	93.750	80	5	0	1	80	15911	15990	3.85e-28	119
DP8480003215TLL1C030R04901662203/1	3	93.750	80	5	0	1	80	16523	16602	3.85e-28	119
DP8480003215TLL1C030R04901662203/1	3	93.750	80	5	0	1	80	16625	16704	3.85e-28	119
DP8480003215TLL1C030R04901662203/1	3	93.750	80	5	0	1	80	16727	16806	3.85e-28	119
DP8480003215TLL1C030R04901662203/1	3	93.750	80	5	0	1	80	56287	56366	3.85e-28	119
DP8480003215TLL1C030R04901662203/1	3	93.750	80	5	0	1	80	56389	56468	3.85e-28	119
DP8480003215TLL1C030R04901662203/1	3	93.750	80	5	0	1	80	56797	56876	3.85e-28	119
DP8480003215TLL1C030R04901662203/1	3	93.750	80	5	0	1	80	57001	57080	3.85e-28	119
DP8480003215TLL1C030R04901662203/1	3	93.750	80	5	0	1	80	57103	57182	3.85e-28	119
DP8480003215TLL1C030R04901662203/1	3	93.750	80	5	0	1	80	57205	57284	3.85e-28	119
DP8480003215TLL1C030R04901662203/1	3	92.500	80	6	0	1	80	16115	16194	9.39e-26	111
DP8480003215TLL1C030R04901662203/1	3	92.500	80	6	0	1	80	16217	16296	9.39e-26	111
DP8480003215TLL1C030R04901662203/1	3	92.500	80	6	0	1	80	16319	16398	9.39e-26	111
DP8480003215TLL1C030R04901662203/1	3	92.500	80	6	0	1	80	16421	16500	9.39e-26	111
DP8480003215TLL1C030R04901662203/1	3	92.500	80	6	0	1	80	16931	17010	9.39e-26	111
DP8480003215TLL1C030R04901662203/1	3	92.500	80	6	0	1	80	56491	56570	9.39e-26	111
DP8480003215TLL1C030R04901662203/1	3	92.500	80	6	0	1	80	57409	57488	9.39e-26	111
DP8480003215TLL1C030R04901662203/1	3	92.500	80	6	0	1	80	57715	57794	9.39e-26	111
DP8480003215TLL1C030R04901662203/1	3	92.500	80	6	0	1	80	57817	57896	9.39e-26	111
DP8480003215TLL1C030R04901662203/1	3	90.000	80	8	0	1	80	57307	57386	5.58e-21	95.6
DP8480003215TLL1C030R04901662203/1	3	91.667	60	5	0	21	80	15421	15480	3.32e-16	79.8
DP8480003215TLL1C030R04901662203/1	3	91.667	60	5	0	21	80	56106	56165	3.32e-16	79.8
DP8480003215TLL1C030R04901662203/1	2	100.000	80	0	0	1	80	3215	3136	4.47e-40	159
DP8480003215TLL1C030R04901662203/1	2	100.000	80	0	0	1	80	3518	3439	4.47e-40	159
DP8480003215TLL1C030R04901662203/1	2	100.000	80	0	0	1	80	3722	3643	4.47e-40	159
DP8480003215TLL1C030R04901662203/1	2	100.000	80	0	0	1	80	4025	3946	4.47e-40	159
DP8480003215TLL1C030R04901662203/1	2	100.000	80	0	0	1	80	4127	4048	4.47e-40	159
DP8480003215TLL1C030R04901662203/1	2	100.000	80	0	0	1	80	17333	17254	4.47e-40	159
DP8480003215TLL1C030R04901662203/1	2	100.000	80	0	0	1	80	17540	17461	4.47e-40	159
DP8480003215TLL1C030R04901662203/1	2	100.000	80	0	0	1	80	17642	17563	4.47e-40	159
DP8480003215TLL1C030R04901662203/1	2	100.000	80	0	0	1	80	18350	18271	4.47e-40	159
DP8480003215TLL1C030R04901662203/1	2	100.000	80	0	0	1	80	18551	18472	4.47e-40	159
DP8480003215TLL1C030R04901662203/1	2	98.750	80	1	0	1	80	2606	2527	1.09e-37	151
DP8480003215TLL1C030R04901662203/1	2	98.750	80	1	0	1	80	2708	2629	1.09e-37	151
DP8480003215TLL1C030R04901662203/1	2	98.750	80	1	0	1	80	3011	2932	1.09e-37	151
DP8480003215TLL1C030R04901662203/1	2	95.000	80	1	1	1	80	3923	3847	2.47e-29	123
DP8480003215TLL1C030R04901662203/1	2	93.750	80	5	0	1	80	3113	3034	3.85e-28	119
DP8480003215TLL1C030R04901662203/1	2	93.750	80	5	0	1	80	3620	3541	3.85e-28	119
DP8480003215TLL1C030R04901662203/1	2	93.750	80	5	0	1	80	18146	18067	3.85e-28	119
DP8480003215TLL1C030R04901662203/1	2	93.750	80	5	0	1	80	18248	18169	3.85e-28	119
DP8480003215TLL1C030R04901662203/1	2	93.750	80	2	1	1	80	2909	2833	6.02e-27	115
DP8480003215TLL1C030R04901662203/1	2	93.750	80	2	1	1	80	4529	4453	6.02e-27	115
DP8480003215TLL1C030R04901662203/1	2	93.750	80	2	1	1	80	18044	17968	6.02e-27	115
DP8480003215TLL1C030R04901662203/1	2	92.500	80	6	0	1	80	2504	2425	9.39e-26	111
DP8480003215TLL1C030R04901662203/1	2	92.500	80	6	0	1	80	2810	2731	9.39e-26	111
DP8480003215TLL1C030R04901662203/1	2	92.500	80	6	0	1	80	3317	3238	9.39e-26	111
DP8480003215TLL1C030R04901662203/1	2	92.500	80	6	0	1	80	3824	3745	9.39e-26	111
DP8480003215TLL1C030R04901662203/1	2	92.500	80	6	0	1	80	4229	4150	9.39e-26	111
DP8480003215TLL1C030R04901662203/1	2	92.500	80	6	0	1	80	17231	17152	9.39e-26	111
DP8480003215TLL1C030R04901662203/1	2	92.500	80	6	0	1	80	17744	17665	9.39e-26	111
DP8480003215TLL1C030R04901662203/1	2	92.500	80	3	1	1	80	3416	3340	1.47e-24	107
DP8480003215TLL1C030R04901662203/1	2	92.500	80	3	1	1	80	4328	4252	1.47e-24	107
DP8480003215TLL1C030R04901662203/1	2	92.500	80	3	1	1	80	17843	17767	1.47e-24	107
DP8480003215TLL1C030R04901662203/1	2	91.250	80	7	0	1	80	4430	4351	2.29e-23	103
DP8480003215TLL1C030R04901662203/1	2	91.250	80	7	0	1	80	17945	17866	2.29e-23	103
DP8480003215TLL1C030R04901662203/1	2	90.000	80	5	1	1	80	18449	18373	8.71e-20	91.7
DP8480003215TLL1C030R04901662203/1	2	98.000	50	0	1	1	50	17438	17390	2.12e-17	83.8
DP8480003215TLL1C030R04901662203/1	2	91.667	60	5	0	21	80	4611	4552	3.32e-16	79.8
DP8480003215TLL1C030R04901662203/1	2	91.667	60	5	0	21	80	18633	18574	3.32e-16	79.8
DP8480003215TLL1C036R02702197159/1	3	98.750	80	1	0	1	80	54758	54679	1.09e-37	151
DP8480003215TLL1C038R00400822051/1	3	98.750	80	1	0	1	80	11707	11628	1.09e-37	151
DP8480003215TLL1C048R00900605912/1	3	97.059	68	2	0	1	68	43167	43100	3.85e-28	119
DP8480003215TLL1C049R03900394239/1	3	100.000	80	0	0	1	80	17298	17377	4.47e-40	159
DP8480003215TLL1C049R03900394239/1	3	100.000	80	0	0	1	80	58184	58263	4.47e-40	159
DP8480003215TLL1C049R03900394239/1	2	100.000	80	0	0	1	80	2137	2058	4.47e-40	159
DP8480003215TLL1C049R03900394239/1	2	100.000	80	0	0	1	80	16864	16785	4.47e-40	159
DP8480003215TLL1C050R00700914918/1	2	100.000	80	0	0	1	80	28188	28267	4.47e-40	159
DP8480003215TLL1C050R00700914918/1	3	100.000	80	0	0	1	80	25349	25270	4.47e-40	159
DP8480003215TLL1C057R01501186470/1	1	100.000	80	0	0	1	80	3450806	3450727	4.47e-40	159
DP8480003215TLL1C006R00401866376/2	1	100.000	80	0	0	1	80	3092786	3092707	4.47e-40	159
DP8480003215TLL1C013R01001165712/2	2	100.000	80	0	0	1	80	27375	27296	4.47e-40	159
DP8480003215TLL1C027R00600984378/2	1	100.000	80	0	0	1	80	5001265	5001344	4.47e-40	159
DP8480003215TLL1C027R01600528495/2	2	100.000	80	0	0	1	80	4933	4854	4.47e-40	159
DP8480003215TLL1C027R01600528495/2	2	100.000	80	0	0	1	80	18955	18876	4.47e-40	159
DP8480003215TLL1C027R01600528495/2	3	100.000	80	0	0	1	80	15099	15178	4.47e-40	159
DP8480003215TLL1C027R01600528495/2	3	100.000	80	0	0	1	80	55784	55863	4.47e-40	159
DP8480003215TLL1C035R04501083055/2	3	100.000	80	0	0	1	80	23863	23784	4.47e-40	159
DP8480003215TLL1C035R04501083055/2	2	100.000	80	0	0	1	80	29674	29753	4.47e-40	159
DP8480003215TLL1C043R01501479949/2	2	100.000	80	0	0	1	80	9881	9802	4.47e-40	159
DP8480003215TLL1C043R01501479949/2	3	100.000	37	0	0	44	80	59519	59483	2.05e-14	73.8
DP8480003215TLL1C047R05300177879/2	3	100.000	80	0	0	1	80	50423	50502	4.47e-40	159
DP8480003215TLL1C051R03402223760/2	3	100.000	80	0	0	1	80	14920	14841	4.47e-40	159
DP8480003215TLL1C051R03402223760/2	3	100.000	80	0	0	1	80	55605	55526	4.47e-40	159
DP8480003215TLL1C051R03402223760/2	2	100.000	80	0	0	1	80	5112	5191	4.47e-40	159
DP8480003215TLL1C051R03402223760/2	2	100.000	80	0	0	1	80	19134	19213	4.47e-40	159
DP8480003215TLL1C055R04700942826/2	3	100.000	80	0	0	1	80	4586	4665	4.47e-40	159
DP8480003215TLL1C055R04700942826/2	1	100.000	80	0	0	1	80	3794112	3794191	4.47e-40	159
DP8480003215TLL1C056R04100274679/2	3	100.000	80	0	0	1	80	42446	42367	4.47e-40	159
