DP8480003215TLL1C003R01600492097/1	1	100.0	80	0	0	1	80	2045888	2045967	4.4699999999999995e-40	159.0
DP8480003215TLL1C005R04500055847/1	3	98.75	80	1	0	1	80	42084	42163	1.09e-37	151.0
DP8480003215TLL1C013R05301260668/1	3	100.0	24	0	0	17	40	37026	37003	1.17e-06	48.1
DP8480003215TLL1C014R00900891733/1	1	100.0	80	0	0	1	80	10718	10797	4.4699999999999995e-40	159.0
DP8480003215TLL1C021R00800516677/1	3	100.0	80	0	0	1	80	11971	12050	4.4699999999999995e-40	159.0
DP8480003215TLL1C029R05300998959/1	2	100.0	79	0	0	1	79	7179	7101	1.77e-39	157.0
DP8480003215TLL1C036R02702197159/1	3	98.75	80	1	0	1	80	54758	54679	1.09e-37	151.0
DP8480003215TLL1C038R00400822051/1	3	98.75	80	1	0	1	80	11707	11628	1.09e-37	151.0
DP8480003215TLL1C048R00900605912/1	3	97.059	68	2	0	1	68	43167	43100	3.85e-28	119.0
DP8480003215TLL1C057R01501186470/1	1	100.0	80	0	0	1	80	3450806	3450727	4.4699999999999995e-40	159.0
DP8480003215TLL1C006R00401866376/2	1	100.0	80	0	0	1	80	3092786	3092707	4.4699999999999995e-40	159.0
DP8480003215TLL1C013R01001165712/2	2	100.0	80	0	0	1	80	27375	27296	4.4699999999999995e-40	159.0
DP8480003215TLL1C027R00600984378/2	1	100.0	80	0	0	1	80	5001265	5001344	4.4699999999999995e-40	159.0
DP8480003215TLL1C047R05300177879/2	3	100.0	80	0	0	1	80	50423	50502	4.4699999999999995e-40	159.0
DP8480003215TLL1C056R04100274679/2	3	100.0	80	0	0	1	80	42446	42367	4.4699999999999995e-40	159.0
A00265:1138:HCFHGDSX5:4:1346:6623:35571	1	100.0	50	0	0	9	58	4468342	4468293	4.01e-22	99.6
A00265:1138:HCFHGDSX5:4:1421:13404:26083	1	100.0	55	0	0	1	55	1247557	1247611	4.1e-25	109.0
A00265:1138:HCFHGDSX5:4:1462:9905:26850	1	100.0	55	0	0	1	55	1247557	1247611	4.05e-25	109.0
A00265:1138:HCFHGDSX5:4:1462:9670:27226	1	100.0	55	0	0	1	55	1247557	1247611	4.05e-25	109.0
A00265:1138:HCFHGDSX5:4:1553:31114:22811	1	96.154	52	2	0	4	55	1247560	1247611	1.73e-18	87.7
A00265:1138:HCFHGDSX5:4:1609:5005:20494	1	100.0	55	0	0	1	55	1247557	1247611	2.59e-25	109.0
A00265:1138:HCFHGDSX5:4:1642:27606:35587	1	100.0	55	0	0	1	55	1247557	1247611	4.05e-25	109.0
A00265:1138:HCFHGDSX5:4:2238:27859:13573	1	100.0	55	0	0	1	55	1247557	1247611	4.1e-25	109.0
A00265:1138:HCFHGDSX5:4:2306:9507:15483	1	100.0	55	0	0	1	55	1247557	1247611	2.31e-25	109.0
A00265:1138:HCFHGDSX5:4:2306:9353:15749	1	98.182	55	1	0	1	55	1247557	1247611	5.62e-23	101.0
A00265:1138:HCFHGDSX5:4:2346:31105:8547	1	100.0	55	0	0	1	55	1247557	1247611	4.7199999999999995e-25	109.0
A00265:1138:HCFHGDSX5:4:2346:31485:8985	1	100.0	55	0	0	1	55	1247557	1247611	4.7199999999999995e-25	109.0
A00265:1138:HCFHGDSX5:4:2346:31521:9017	1	100.0	55	0	0	1	55	1247557	1247611	4.7199999999999995e-25	109.0
A00265:1138:HCFHGDSX5:4:2421:10691:23109	1	100.0	55	0	0	1	55	1247557	1247611	4.1e-25	109.0
A00265:1138:HCFHGDSX5:4:2537:1561:9455	1	100.0	90	0	0	1	90	1247557	1247646	5.55e-46	178.0
A00265:1138:HCFHGDSX5:4:2635:27154:2895	1	97.297	37	1	0	1	37	1247557	1247593	1.81e-12	65.9
