DP8480003215TLL1C005R05000388743/1	2	100.0	79	0	0	2	80	25619	25541	1.77e-39	157.0
DP8480003215TLL1C005R05000388743/1	1	100.0	79	0	0	2	80	2457993	2457915	1.77e-39	157.0
DP8480003215TLL1C005R05000388743/1	1	100.0	79	0	0	2	80	3860862	3860784	1.77e-39	157.0
DP8480003215TLL1C005R05000388743/1	1	100.0	79	0	0	2	80	4438447	4438369	1.77e-39	157.0
DP8480003215TLL1C005R05000388743/1	1	100.0	79	0	0	2	80	3846225	3846303	1.77e-39	157.0
DP8480003215TLL1C005R05000388743/1	3	100.0	79	0	0	2	80	13149	13227	1.77e-39	157.0
DP8480003215TLL1C030R04901662203/1	3	100.0	80	0	0	1	80	15503	15582	4.4699999999999995e-40	159.0
DP8480003215TLL1C030R04901662203/1	3	100.0	80	0	0	1	80	15707	15786	4.4699999999999995e-40	159.0
DP8480003215TLL1C030R04901662203/1	3	100.0	80	0	0	1	80	16013	16092	4.4699999999999995e-40	159.0
DP8480003215TLL1C030R04901662203/1	3	100.0	80	0	0	1	80	16829	16908	4.4699999999999995e-40	159.0
DP8480003215TLL1C030R04901662203/1	3	100.0	80	0	0	1	80	56593	56672	4.4699999999999995e-40	159.0
DP8480003215TLL1C030R04901662203/1	3	100.0	80	0	0	1	80	56899	56978	4.4699999999999995e-40	159.0
DP8480003215TLL1C030R04901662203/1	2	100.0	80	0	0	1	80	3215	3136	4.4699999999999995e-40	159.0
DP8480003215TLL1C030R04901662203/1	2	100.0	80	0	0	1	80	3518	3439	4.4699999999999995e-40	159.0
DP8480003215TLL1C030R04901662203/1	2	100.0	80	0	0	1	80	3722	3643	4.4699999999999995e-40	159.0
DP8480003215TLL1C030R04901662203/1	2	100.0	80	0	0	1	80	4025	3946	4.4699999999999995e-40	159.0
DP8480003215TLL1C030R04901662203/1	2	100.0	80	0	0	1	80	4127	4048	4.4699999999999995e-40	159.0
DP8480003215TLL1C030R04901662203/1	2	100.0	80	0	0	1	80	17333	17254	4.4699999999999995e-40	159.0
DP8480003215TLL1C030R04901662203/1	2	100.0	80	0	0	1	80	17540	17461	4.4699999999999995e-40	159.0
DP8480003215TLL1C030R04901662203/1	2	100.0	80	0	0	1	80	17642	17563	4.4699999999999995e-40	159.0
DP8480003215TLL1C030R04901662203/1	2	100.0	80	0	0	1	80	18350	18271	4.4699999999999995e-40	159.0
DP8480003215TLL1C030R04901662203/1	2	100.0	80	0	0	1	80	18551	18472	4.4699999999999995e-40	159.0
DP8480003215TLL1C049R03900394239/1	3	100.0	80	0	0	1	80	17298	17377	4.4699999999999995e-40	159.0
DP8480003215TLL1C049R03900394239/1	3	100.0	80	0	0	1	80	58184	58263	4.4699999999999995e-40	159.0
DP8480003215TLL1C049R03900394239/1	2	100.0	80	0	0	1	80	2137	2058	4.4699999999999995e-40	159.0
DP8480003215TLL1C049R03900394239/1	2	100.0	80	0	0	1	80	16864	16785	4.4699999999999995e-40	159.0
DP8480003215TLL1C050R00700914918/1	2	100.0	80	0	0	1	80	28188	28267	4.4699999999999995e-40	159.0
DP8480003215TLL1C050R00700914918/1	3	100.0	80	0	0	1	80	25349	25270	4.4699999999999995e-40	159.0
DP8480003215TLL1C027R01600528495/2	2	100.0	80	0	0	1	80	4933	4854	4.4699999999999995e-40	159.0
DP8480003215TLL1C027R01600528495/2	2	100.0	80	0	0	1	80	18955	18876	4.4699999999999995e-40	159.0
DP8480003215TLL1C027R01600528495/2	3	100.0	80	0	0	1	80	15099	15178	4.4699999999999995e-40	159.0
DP8480003215TLL1C027R01600528495/2	3	100.0	80	0	0	1	80	55784	55863	4.4699999999999995e-40	159.0
DP8480003215TLL1C035R04501083055/2	3	100.0	80	0	0	1	80	23863	23784	4.4699999999999995e-40	159.0
DP8480003215TLL1C035R04501083055/2	2	100.0	80	0	0	1	80	29674	29753	4.4699999999999995e-40	159.0
DP8480003215TLL1C043R01501479949/2	2	100.0	80	0	0	1	80	9881	9802	4.4699999999999995e-40	159.0
DP8480003215TLL1C043R01501479949/2	3	100.0	37	0	0	44	80	59519	59483	2.05e-14	73.8
DP8480003215TLL1C051R03402223760/2	3	100.0	80	0	0	1	80	14920	14841	4.4699999999999995e-40	159.0
DP8480003215TLL1C051R03402223760/2	3	100.0	80	0	0	1	80	55605	55526	4.4699999999999995e-40	159.0
DP8480003215TLL1C051R03402223760/2	2	100.0	80	0	0	1	80	5112	5191	4.4699999999999995e-40	159.0
DP8480003215TLL1C051R03402223760/2	2	100.0	80	0	0	1	80	19134	19213	4.4699999999999995e-40	159.0
DP8480003215TLL1C055R04700942826/2	3	100.0	80	0	0	1	80	4586	4665	4.4699999999999995e-40	159.0
DP8480003215TLL1C055R04700942826/2	1	100.0	80	0	0	1	80	3794112	3794191	4.4699999999999995e-40	159.0
